1848,1,1860,1,1860,13,1848,13,icon
0,4,14,4,14,16,0,16,icon
1822,7,1835,7,1835,13,1822,13,icon
16,49,39,49,39,72,16,72,icon
93,49,116,49,116,72,93,72,icon
166,49,189,49,189,72,166,72,icon
199,52,216,52,216,68,199,68,icon
52,53,69,53,69,68,52,68,icon
139,53,155,53,155,69,139,69,icon
26,103,47,103,47,121,26,121,icon
757,105,774,105,774,122,757,122,icon
527,108,537,108,537,120,527,120,icon
992,108,1004,108,1004,120,992,120,icon
1225,107,1236,107,1236,120,1225,120,icon
1457,107,1470,107,1470,120,1457,120,icon
1690,107,1703,107,1703,120,1690,120,icon
25,123,49,123,49,146,25,146,icon
12,133,20,133,20,141,12,141,icon
520,143,532,143,532,155,520,155,icon
557,159,575,159,575,177,557,177,icon
557,183,575,183,575,201,557,201,icon
541,189,549,189,549,197,541,197,icon
557,207,575,207,575,225,557,225,icon
541,213,549,213,549,221,541,221,icon
557,231,575,231,575,249,557,249,icon
557,254,575,254,575,273,557,273,icon
541,261,549,261,549,269,541,269,icon
557,279,575,279,575,297,557,297,icon
541,285,549,285,549,293,541,293,icon
557,303,575,303,575,321,557,321,icon
541,309,549,309,549,317,541,317,icon
557,327,575,327,575,345,557,345,icon
541,333,549,333,549,341,541,341,icon
557,351,575,351,575,369,557,369,icon
541,357,549,357,549,365,541,365,icon
557,375,575,375,575,393,557,393,icon
1684,375,1698,375,1698,389,1684,389,icon
541,381,549,381,549,389,541,389,icon
1684,398,1697,398,1697,411,1684,411,icon
1798,398,1811,398,1811,411,1798,411,icon
557,399,575,399,575,417,557,417,icon
541,405,549,405,549,413,541,413,icon
1684,421,1697,421,1697,434,1684,434,icon
1798,421,1811,421,1811,434,1798,434,icon
557,423,575,423,575,441,557,441,icon
541,429,549,429,549,437,541,437,icon
557,447,575,447,575,465,557,465,icon
1691,447,1704,447,1704,460,1691,460,icon
541,453,549,453,549,461,541,461,icon
557,471,575,471,575,489,557,489,icon
541,477,549,477,549,485,541,485,icon
557,495,575,495,575,513,557,513,icon
541,501,549,501,549,509,541,509,icon
557,519,575,519,575,537,557,537,icon
541,525,549,525,549,533,541,533,icon
557,543,575,543,575,561,557,561,icon
541,549,549,549,549,557,541,557,icon
557,567,575,567,575,585,557,585,icon
541,573,549,573,549,581,541,581,icon
1741,590,1755,590,1755,604,1741,604,icon
557,591,575,591,575,609,557,609,icon
541,597,549,597,549,605,541,605,icon
1571,613,1585,613,1585,627,1571,627,icon
1741,613,1755,613,1755,627,1741,627,icon
557,615,575,615,575,633,557,633,icon
541,621,549,621,549,629,541,629,icon
1571,636,1585,636,1585,650,1571,650,icon
1741,636,1755,636,1755,650,1741,650,icon
557,639,575,639,575,657,557,657,icon
541,645,549,645,549,653,541,653,icon
1748,662,1761,662,1761,675,1748,675,icon
557,663,575,663,575,681,557,681,icon
541,669,549,669,549,677,541,677,icon
557,687,575,687,575,705,557,705,icon
1744,690,1752,690,1752,698,1744,698,icon
541,693,549,693,549,701,541,701,icon
557,711,575,711,575,729,557,729,icon
1743,713,1753,713,1753,721,1743,721,icon
541,717,549,717,549,725,541,725,icon
557,735,575,735,575,753,557,753,icon
541,741,549,741,549,749,541,749,icon
557,759,575,759,575,777,557,777,icon
541,765,549,765,549,773,541,773,icon
557,783,575,783,575,801,557,801,icon
541,789,549,789,549,797,541,797,icon
1572,805,1584,805,1584,817,1572,817,icon
557,807,575,807,575,825,557,825,icon
541,813,549,813,549,821,541,821,icon
557,831,575,831,575,849,557,849,icon
541,837,549,837,549,845,541,845,icon
557,855,575,855,575,873,557,873,icon
541,861,549,861,549,869,541,869,icon
557,879,575,879,575,897,557,897,icon
1572,880,1584,880,1584,892,1572,892,icon
541,885,549,885,549,893,541,893,icon
557,903,575,903,575,921,557,921,icon
541,909,549,909,549,917,541,917,icon
557,927,575,927,575,945,557,945,icon
541,933,549,933,549,941,541,941,icon
697,1016,712,1016,712,1033,697,1033,icon
7,1041,47,1041,47,1079,7,1079,icon
88,1044,121,1044,121,1075,88,1075,icon
1718,1048,1727,1048,1727,1055,1718,1055,icon
150,1045,183,1045,183,1076,150,1076,icon
214,1048,242,1048,242,1073,214,1073,icon
274,1044,308,1044,308,1076,274,1076,icon
336,1046,367,1046,367,1072,336,1072,icon
1670,1049,1687,1049,1687,1064,1670,1064,icon
1693,1050,1709,1050,1709,1065,1693,1065,icon
1758,1053,1774,1053,1774,1069,1758,1069,icon
1782,1053,1798,1053,1798,1069,1782,1069,icon
1805,1053,1821,1053,1821,1068,1805,1068,icon
1737,1057,1746,1057,1746,1064,1737,1064,icon
12,109,20,109,20,117,12,117,icon
1719,1061,1726,1061,1726,1065,1719,1065,icon
305,57,312,57,312,61,305,61,icon
485,106,493,106,493,111,485,111,icon
485,938,494,938,494,943,485,943,icon
1809,163,1814,163,1814,166,1809,166,icon
1809,171,1814,171,1814,174,1809,174,icon
1808,189,1814,189,1814,192,1808,192,icon
1809,197,1814,197,1814,200,1809,200,icon
1893,163,1898,163,1898,166,1893,166,icon
1893,171,1898,171,1898,174,1893,174,icon
1892,189,1898,189,1898,192,1892,192,icon
1893,197,1898,197,1898,200,1893,200,icon
1806,218,1815,218,1815,223,1806,223,icon
1891,451,1899,451,1899,456,1891,456,icon
1890,666,1899,666,1899,672,1890,672,icon
1887,3,1900,3,1900,13,1887,13,icon
84,4,157,4,157,16,84,16,text
5,26,30,26,30,38,5,38,text
40,26,67,26,67,38,40,38,text
77,26,102,26,102,38,77,38,text
600,52,628,52,628,65,600,65,text
637,54,712,54,712,64,637,64,text
254,55,285,55,285,64,254,64,text
710,54,737,54,737,64,710,64,text
521,82,545,82,545,95,521,95,text
12,83,84,83,84,96,12,96,text
49,106,121,106,121,119,49,119,text
544,107,568,107,568,120,544,120,text
777,107,813,107,813,120,777,120,text
1010,107,1034,107,1034,120,1010,120,text
1242,107,1266,107,1266,120,1242,120,text
1475,107,1499,107,1499,120,1475,120,text
1708,107,1732,107,1732,120,1708,120,text
49,130,121,130,121,143,49,143,text
1574,138,1646,138,1646,151,1574,151,text
535,143,559,143,559,156,535,156,text
578,162,626,162,626,175,578,175,text
1571,162,1643,162,1643,175,1571,175,text
1705,163,1765,163,1765,174,1705,174,text
1833,164,1881,164,1881,173,1833,173,text
578,188,596,188,596,197,578,197,text
1572,188,1643,188,1643,201,1572,201,text
1705,189,1765,189,1765,200,1705,200,text
579,212,596,212,596,221,579,221,text
1827,214,1839,214,1839,227,1827,227,text
1571,214,1619,214,1619,227,1571,227,text
1705,216,1723,216,1723,225,1705,225,text
578,234,656,234,656,247,578,247,text
578,258,661,258,661,271,578,271,text
668,258,704,258,704,271,668,271,text
578,282,662,282,662,295,578,295,text
668,282,704,282,704,295,668,295,text
578,306,662,306,662,319,578,319,text
668,306,716,306,716,319,668,319,text
578,330,662,330,662,343,578,343,text
668,330,704,330,704,343,668,343,text
1574,353,1622,353,1622,366,1574,366,text
578,354,662,354,662,367,578,367,text
668,354,740,354,740,367,668,367,text
1702,375,1714,375,1714,388,1702,388,text
1571,375,1643,375,1643,388,1571,388,text
578,378,662,378,662,391,578,391,text
668,378,704,378,704,391,668,391,text
1571,398,1619,398,1619,411,1571,411,text
1702,398,1726,398,1726,411,1702,411,text
1816,398,1840,398,1840,411,1816,411,text
578,402,661,402,661,415,578,415,text
668,402,704,402,704,415,668,415,text
1571,421,1619,421,1619,434,1571,434,text
1702,421,1750,421,1750,434,1702,434,text
1816,421,1864,421,1864,434,1816,434,text
578,426,662,426,662,439,578,439,text
665,426,697,426,697,439,665,439,text
1571,447,1619,447,1619,460,1571,460,text
1708,447,1744,447,1744,460,1708,460,text
578,450,662,450,662,463,578,463,text
665,450,709,450,709,463,665,463,text
578,474,662,474,662,487,578,487,text
665,474,697,474,697,487,665,487,text
578,498,662,498,662,511,578,511,text
665,498,697,498,697,511,665,511,text
578,522,662,522,662,535,578,535,text
668,522,704,522,704,535,668,535,text
578,546,662,546,662,559,578,559,text
668,546,716,546,716,559,668,559,text
1574,568,1622,568,1622,581,1574,581,text
578,570,662,570,662,583,578,583,text
668,570,746,570,746,583,668,583,text
1759,590,1771,590,1771,603,1759,603,text
1571,590,1643,590,1643,603,1571,603,text
578,594,661,594,661,607,578,607,text
668,594,704,594,704,607,668,607,text
1589,613,1649,613,1649,626,1589,626,text
1759,613,1819,613,1819,626,1759,626,text
578,618,662,618,662,631,578,631,text
668,618,704,618,704,631,668,631,text
1589,636,1649,636,1649,649,1589,649,text
1759,636,1819,636,1819,649,1759,649,text
578,642,662,642,662,655,578,655,text
668,642,716,642,716,655,668,655,text
1571,662,1667,662,1667,675,1571,675,text
1765,662,1813,662,1813,675,1765,675,text
578,666,662,666,662,679,578,679,text
668,666,704,666,704,679,668,679,text
1759,687,1771,687,1771,700,1759,700,text
578,690,662,690,662,703,578,703,text
668,690,740,690,740,703,668,703,text
1571,690,1655,690,1655,703,1571,703,text
1658,691,1684,691,1684,702,1658,702,text
1759,710,1771,710,1771,723,1759,723,text
578,714,662,714,662,727,578,727,text
668,714,704,714,704,727,668,727,text
1571,714,1667,714,1667,727,1571,727,text
578,738,662,738,662,751,578,751,text
668,738,716,738,716,751,668,751,text
578,762,662,762,662,775,578,775,text
668,762,746,762,746,775,668,775,text
1575,782,1622,782,1622,795,1575,795,text
578,786,662,786,662,799,578,799,text
1589,804,1667,804,1667,817,1589,817,text
578,810,674,810,674,823,578,823,text
1571,829,1625,829,1625,842,1571,842,text
578,834,626,834,626,847,578,847,text
1571,855,1625,855,1625,868,1571,868,text
578,858,638,858,638,871,578,871,text
1664,879,1684,879,1684,892,1664,892,text
1589,879,1661,879,1661,892,1589,892,text
579,882,626,882,626,895,579,895,text
579,906,631,906,631,919,579,919,text
579,930,638,930,638,943,579,943,text
12,954,84,954,84,967,12,967,text
12,972,60,972,60,985,12,985,text
12,990,72,990,72,1003,12,1003,text
799,1019,848,1019,848,1031,799,1031,text
927,1019,989,1019,989,1031,927,1031,text
1449,1020,1468,1020,1468,1030,1449,1030,text
1811,1018,1859,1018,1859,1032,1811,1032,text
729,1020,796,1020,796,1030,729,1030,text
991,1019,1104,1019,1104,1033,991,1033,text
1852,1046,1883,1046,1883,1056,1852,1056,text
1837,1064,1897,1064,1897,1076,1837,1076,text
1863,1023,1866,1023,1866,1031,1863,1031,text
518,994,566,994,566,1007,518,1007,text
589,993,638,993,638,1006,589,1006,text
662,993,710,993,710,1006,662,1006,text
1863,1023,1867,1023,1867,1030,1863,1030,text
1870,1020,1919,1020,1919,1032,1870,1032,text
19,5,81,5,81,15,19,15,text
1834,189,1881,189,1881,199,1834,199,text
