0 0.965625 0.006481481481481481 0.00625 0.011111111111111112
0 0.0036458333333333334 0.009259259259259259 0.007291666666666667 0.011111111111111112
0 0.95234375 0.009259259259259259 0.0067708333333333336 0.005555555555555556
0 0.014322916666666666 0.056018518518518516 0.011979166666666667 0.021296296296296296
0 0.054427083333333334 0.056018518518518516 0.011979166666666667 0.021296296296296296
0 0.09244791666666667 0.056018518518518516 0.011979166666666667 0.021296296296296296
0 0.10807291666666667 0.05555555555555555 0.008854166666666666 0.014814814814814815
0 0.031510416666666666 0.056018518518518516 0.008854166666666666 0.013888888888888888
0 0.0765625 0.05648148148148148 0.008333333333333333 0.014814814814814815
0 0.019010416666666665 0.1037037037037037 0.0109375 0.016666666666666666
0 0.39869791666666665 0.1050925925925926 0.008854166666666666 0.01574074074074074
0 0.27708333333333335 0.10555555555555556 0.005208333333333333 0.011111111111111112
0 0.5197916666666667 0.10555555555555556 0.00625 0.011111111111111112
0 0.6408854166666667 0.1050925925925926 0.005729166666666666 0.012037037037037037
0 0.7622395833333333 0.1050925925925926 0.0067708333333333336 0.012037037037037037
0 0.88359375 0.1050925925925926 0.0067708333333333336 0.012037037037037037
0 0.019270833333333334 0.12453703703703704 0.0125 0.021296296296296296
0 0.008333333333333333 0.12685185185185185 0.004166666666666667 0.007407407407407408
0 0.27395833333333336 0.13796296296296295 0.00625 0.011111111111111112
0 0.2947916666666667 0.15555555555555556 0.009375 0.016666666666666666
0 0.2947916666666667 0.17777777777777778 0.009375 0.016666666666666666
0 0.2838541666666667 0.1787037037037037 0.004166666666666667 0.007407407407407408
0 0.2947916666666667 0.2 0.009375 0.016666666666666666
0 0.2838541666666667 0.20092592592592592 0.004166666666666667 0.007407407407407408
0 0.2947916666666667 0.2222222222222222 0.009375 0.016666666666666666
0 0.2947916666666667 0.2439814814814815 0.009375 0.017592592592592594
0 0.2838541666666667 0.24537037037037038 0.004166666666666667 0.007407407407407408
0 0.2947916666666667 0.26666666666666666 0.009375 0.016666666666666666
0 0.2838541666666667 0.2675925925925926 0.004166666666666667 0.007407407407407408
0 0.2947916666666667 0.28888888888888886 0.009375 0.016666666666666666
0 0.2838541666666667 0.2898148148148148 0.004166666666666667 0.007407407407407408
0 0.2947916666666667 0.3111111111111111 0.009375 0.016666666666666666
0 0.2838541666666667 0.31203703703703706 0.004166666666666667 0.007407407407407408
0 0.2947916666666667 0.3333333333333333 0.009375 0.016666666666666666
0 0.2838541666666667 0.33425925925925926 0.004166666666666667 0.007407407407407408
0 0.2947916666666667 0.35555555555555557 0.009375 0.016666666666666666
0 0.8807291666666667 0.3537037037037037 0.007291666666666667 0.012962962962962963
0 0.2838541666666667 0.35648148148148145 0.004166666666666667 0.007407407407407408
0 0.88046875 0.37453703703703706 0.0067708333333333336 0.012037037037037037
0 0.93984375 0.37453703703703706 0.0067708333333333336 0.012037037037037037
0 0.2947916666666667 0.37777777777777777 0.009375 0.016666666666666666
0 0.2838541666666667 0.3787037037037037 0.004166666666666667 0.007407407407407408
0 0.88046875 0.3958333333333333 0.0067708333333333336 0.012037037037037037
0 0.93984375 0.3958333333333333 0.0067708333333333336 0.012037037037037037
0 0.2947916666666667 0.4 0.009375 0.016666666666666666
0 0.2838541666666667 0.4009259259259259 0.004166666666666667 0.007407407407407408
0 0.2947916666666667 0.4222222222222222 0.009375 0.016666666666666666
0 0.8841145833333334 0.4199074074074074 0.0067708333333333336 0.012037037037037037
0 0.2838541666666667 0.42314814814814816 0.004166666666666667 0.007407407407407408
0 0.2947916666666667 0.4444444444444444 0.009375 0.016666666666666666
0 0.2838541666666667 0.44537037037037036 0.004166666666666667 0.007407407407407408
0 0.2947916666666667 0.4666666666666667 0.009375 0.016666666666666666
0 0.2838541666666667 0.4675925925925926 0.004166666666666667 0.007407407407407408
0 0.2947916666666667 0.4888888888888889 0.009375 0.016666666666666666
0 0.2838541666666667 0.4898148148148148 0.004166666666666667 0.007407407407407408
0 0.2947916666666667 0.5111111111111111 0.009375 0.016666666666666666
0 0.2838541666666667 0.5120370370370371 0.004166666666666667 0.007407407407407408
0 0.2947916666666667 0.5333333333333333 0.009375 0.016666666666666666
0 0.2838541666666667 0.5342592592592592 0.004166666666666667 0.007407407407407408
0 0.9104166666666667 0.5527777777777778 0.007291666666666667 0.012962962962962963
0 0.2947916666666667 0.5555555555555556 0.009375 0.016666666666666666
0 0.2838541666666667 0.5564814814814815 0.004166666666666667 0.007407407407407408
0 0.821875 0.5740740740740741 0.007291666666666667 0.012962962962962963
0 0.9104166666666667 0.5740740740740741 0.007291666666666667 0.012962962962962963
0 0.2947916666666667 0.5777777777777777 0.009375 0.016666666666666666
0 0.2838541666666667 0.5787037037037037 0.004166666666666667 0.007407407407407408
0 0.821875 0.5953703703703703 0.007291666666666667 0.012962962962962963
0 0.9104166666666667 0.5953703703703703 0.007291666666666667 0.012962962962962963
0 0.2947916666666667 0.6 0.009375 0.016666666666666666
0 0.2838541666666667 0.600925925925926 0.004166666666666667 0.007407407407407408
0 0.9138020833333333 0.6189814814814815 0.0067708333333333336 0.012037037037037037
0 0.2947916666666667 0.6222222222222222 0.009375 0.016666666666666666
0 0.2838541666666667 0.6231481481481481 0.004166666666666667 0.007407407407407408
0 0.2947916666666667 0.6444444444444445 0.009375 0.016666666666666666
0 0.9104166666666667 0.6425925925925926 0.004166666666666667 0.007407407407407408
0 0.2838541666666667 0.6453703703703704 0.004166666666666667 0.007407407407407408
0 0.2947916666666667 0.6666666666666666 0.009375 0.016666666666666666
0 0.9104166666666667 0.6638888888888889 0.005208333333333333 0.007407407407407408
0 0.2838541666666667 0.6675925925925926 0.004166666666666667 0.007407407407407408
0 0.2947916666666667 0.6888888888888889 0.009375 0.016666666666666666
0 0.2838541666666667 0.6898148148148148 0.004166666666666667 0.007407407407407408
0 0.2947916666666667 0.7111111111111111 0.009375 0.016666666666666666
0 0.2838541666666667 0.712037037037037 0.004166666666666667 0.007407407407407408
0 0.2947916666666667 0.7333333333333333 0.009375 0.016666666666666666
0 0.2838541666666667 0.7342592592592593 0.004166666666666667 0.007407407407407408
0 0.821875 0.7509259259259259 0.00625 0.011111111111111112
0 0.2947916666666667 0.7555555555555555 0.009375 0.016666666666666666
0 0.2838541666666667 0.7564814814814815 0.004166666666666667 0.007407407407407408
0 0.2947916666666667 0.7777777777777778 0.009375 0.016666666666666666
0 0.2838541666666667 0.7787037037037037 0.004166666666666667 0.007407407407407408
0 0.2947916666666667 0.8 0.009375 0.016666666666666666
0 0.2838541666666667 0.8009259259259259 0.004166666666666667 0.007407407407407408
0 0.2947916666666667 0.8222222222222222 0.009375 0.016666666666666666
0 0.821875 0.8203703703703704 0.00625 0.011111111111111112
0 0.2838541666666667 0.8231481481481482 0.004166666666666667 0.007407407407407408
0 0.2947916666666667 0.8444444444444444 0.009375 0.016666666666666666
0 0.2838541666666667 0.8453703703703703 0.004166666666666667 0.007407407407407408
0 0.2947916666666667 0.8666666666666667 0.009375 0.016666666666666666
0 0.2838541666666667 0.8675925925925926 0.004166666666666667 0.007407407407407408
0 0.36692708333333335 0.9486111111111111 0.0078125 0.01574074074074074
0 0.0140625 0.9814814814814815 0.020833333333333332 0.03518518518518519
0 0.054427083333333334 0.9810185185185185 0.0171875 0.028703703703703703
0 0.8971354166666666 0.9736111111111111 0.0046875 0.006481481481481481
0 0.08671875 0.9819444444444444 0.0171875 0.028703703703703703
0 0.11875 0.9819444444444444 0.014583333333333334 0.023148148148148147
0 0.1515625 0.9814814814814815 0.017708333333333333 0.02962962962962963
0 0.18307291666666667 0.9805555555555555 0.016145833333333335 0.024074074074074074
0 0.87421875 0.9782407407407407 0.008854166666666666 0.013888888888888888
0 0.8859375 0.9791666666666666 0.008333333333333333 0.013888888888888888
0 0.9197916666666667 0.9824074074074074 0.008333333333333333 0.014814814814814815
0 0.9322916666666666 0.9824074074074074 0.008333333333333333 0.014814814814814815
0 0.9442708333333333 0.9819444444444444 0.008333333333333333 0.013888888888888888
0 0.90703125 0.9819444444444444 0.0046875 0.006481481481481481
0 0.008333333333333333 0.10462962962962963 0.004166666666666667 0.007407407407407408
0 0.8971354166666666 0.9842592592592593 0.0036458333333333334 0.003703703703703704
0 0.16067708333333333 0.05462962962962963 0.0036458333333333334 0.003703703703703704
0 0.2546875 0.10046296296296296 0.004166666666666667 0.004629629629629629
0 0.25494791666666666 0.8708333333333333 0.0046875 0.004629629629629629
0 0.9434895833333333 0.15231481481481482 0.0026041666666666665 0.002777777777777778
0 0.9434895833333333 0.1597222222222222 0.0026041666666666665 0.002777777777777778
0 0.9432291666666667 0.1763888888888889 0.003125 0.002777777777777778
0 0.9434895833333333 0.1837962962962963 0.0026041666666666665 0.002777777777777778
0 0.9872395833333333 0.15231481481481482 0.0026041666666666665 0.002777777777777778
0 0.9872395833333333 0.1597222222222222 0.0026041666666666665 0.002777777777777778
0 0.9869791666666666 0.1763888888888889 0.003125 0.002777777777777778
0 0.9872395833333333 0.1837962962962963 0.0026041666666666665 0.002777777777777778
0 0.94296875 0.20416666666666666 0.0046875 0.004629629629629629
0 0.9869791666666666 0.4199074074074074 0.004166666666666667 0.004629629629629629
0 0.98671875 0.6194444444444445 0.0046875 0.005555555555555556
0 0.9861979166666667 0.007407407407407408 0.0067708333333333336 0.009259259259259259
1 0.06276041666666667 0.009259259259259259 0.03802083333333333 0.011111111111111112
1 0.009114583333333334 0.02962962962962963 0.013020833333333334 0.011111111111111112
1 0.027864583333333335 0.02962962962962963 0.0140625 0.011111111111111112
1 0.046614583333333334 0.02962962962962963 0.013020833333333334 0.011111111111111112
1 0.31979166666666664 0.05416666666666667 0.014583333333333334 0.012037037037037037
1 0.35130208333333335 0.05462962962962963 0.0390625 0.009259259259259259
1 0.14036458333333332 0.055092592592592596 0.016145833333333335 0.008333333333333333
1 0.3768229166666667 0.05462962962962963 0.0140625 0.009259259259259259
1 0.27760416666666665 0.08194444444444444 0.0125 0.012037037037037037
1 0.025 0.08287037037037037 0.0375 0.012037037037037037
1 0.044270833333333336 0.10416666666666667 0.0375 0.012037037037037037
1 0.28958333333333336 0.1050925925925926 0.0125 0.012037037037037037
1 0.4140625 0.1050925925925926 0.01875 0.012037037037037037
1 0.5322916666666667 0.1050925925925926 0.0125 0.012037037037037037
1 0.653125 0.1050925925925926 0.0125 0.012037037037037037
1 0.7744791666666667 0.1050925925925926 0.0125 0.012037037037037037
1 0.8958333333333334 0.1050925925925926 0.0125 0.012037037037037037
1 0.044270833333333336 0.12638888888888888 0.0375 0.012037037037037037
1 0.8385416666666666 0.1337962962962963 0.0375 0.012037037037037037
1 0.28489583333333335 0.13842592592592592 0.0125 0.012037037037037037
1 0.31354166666666666 0.15601851851851853 0.025 0.012037037037037037
1 0.8369791666666667 0.15601851851851853 0.0375 0.012037037037037037
1 0.9036458333333334 0.15601851851851853 0.03125 0.010185185185185186
1 0.9671875 0.15601851851851853 0.025 0.008333333333333333
1 0.30572916666666666 0.17824074074074073 0.009375 0.008333333333333333
1 0.8372395833333334 0.18009259259259258 0.03697916666666667 0.012037037037037037
1 0.9036458333333334 0.18009259259259258 0.03125 0.010185185185185186
1 0.3059895833333333 0.20046296296296295 0.008854166666666666 0.008333333333333333
1 0.9546875 0.20416666666666666 0.00625 0.012037037037037037
1 0.8307291666666666 0.20416666666666666 0.025 0.012037037037037037
1 0.8927083333333333 0.20416666666666666 0.009375 0.008333333333333333
1 0.32135416666666666 0.22268518518518518 0.040625 0.012037037037037037
1 0.32265625 0.2449074074074074 0.043229166666666666 0.012037037037037037
1 0.3572916666666667 0.2449074074074074 0.01875 0.012037037037037037
1 0.3229166666666667 0.2671296296296296 0.04375 0.012037037037037037
1 0.3572916666666667 0.2671296296296296 0.01875 0.012037037037037037
1 0.3229166666666667 0.28935185185185186 0.04375 0.012037037037037037
1 0.36041666666666666 0.28935185185185186 0.025 0.012037037037037037
1 0.3229166666666667 0.31157407407407406 0.04375 0.012037037037037037
1 0.3572916666666667 0.31157407407407406 0.01875 0.012037037037037037
1 0.8322916666666667 0.33287037037037037 0.025 0.012037037037037037
1 0.3229166666666667 0.3337962962962963 0.04375 0.012037037037037037
1 0.36666666666666664 0.3337962962962963 0.0375 0.012037037037037037
1 0.8895833333333333 0.35324074074074074 0.00625 0.012037037037037037
1 0.8369791666666667 0.35324074074074074 0.0375 0.012037037037037037
1 0.3229166666666667 0.3560185185185185 0.04375 0.012037037037037037
1 0.3572916666666667 0.3560185185185185 0.01875 0.012037037037037037
1 0.8307291666666666 0.37453703703703706 0.025 0.012037037037037037
1 0.8927083333333333 0.37453703703703706 0.0125 0.012037037037037037
1 0.9520833333333333 0.37453703703703706 0.0125 0.012037037037037037
1 0.32265625 0.37824074074074077 0.043229166666666666 0.012037037037037037
1 0.3572916666666667 0.37824074074074077 0.01875 0.012037037037037037
1 0.8307291666666666 0.3958333333333333 0.025 0.012037037037037037
1 0.8989583333333333 0.3958333333333333 0.025 0.012037037037037037
1 0.9583333333333334 0.3958333333333333 0.025 0.012037037037037037
1 0.3229166666666667 0.40046296296296297 0.04375 0.012037037037037037
1 0.3546875 0.40046296296296297 0.016666666666666666 0.012037037037037037
1 0.8307291666666666 0.4199074074074074 0.025 0.012037037037037037
1 0.8989583333333333 0.4199074074074074 0.01875 0.012037037037037037
1 0.3229166666666667 0.42268518518518516 0.04375 0.012037037037037037
1 0.3578125 0.42268518518518516 0.022916666666666665 0.012037037037037037
1 0.3229166666666667 0.4449074074074074 0.04375 0.012037037037037037
1 0.3546875 0.4449074074074074 0.016666666666666666 0.012037037037037037
1 0.3229166666666667 0.4671296296296296 0.04375 0.012037037037037037
1 0.3546875 0.4671296296296296 0.016666666666666666 0.012037037037037037
1 0.3229166666666667 0.48935185185185187 0.04375 0.012037037037037037
1 0.3572916666666667 0.48935185185185187 0.01875 0.012037037037037037
1 0.3229166666666667 0.5115740740740741 0.04375 0.012037037037037037
1 0.36041666666666666 0.5115740740740741 0.025 0.012037037037037037
1 0.8322916666666667 0.5319444444444444 0.025 0.012037037037037037
1 0.3229166666666667 0.5337962962962963 0.04375 0.012037037037037037
1 0.36822916666666666 0.5337962962962963 0.040625 0.012037037037037037
1 0.9192708333333334 0.5523148148148148 0.00625 0.012037037037037037
1 0.8369791666666667 0.5523148148148148 0.0375 0.012037037037037037
1 0.32265625 0.5560185185185185 0.043229166666666666 0.012037037037037037
1 0.3572916666666667 0.5560185185185185 0.01875 0.012037037037037037
1 0.8432291666666667 0.5736111111111111 0.03125 0.012037037037037037
1 0.9317708333333333 0.5736111111111111 0.03125 0.012037037037037037
1 0.3229166666666667 0.5782407407407407 0.04375 0.012037037037037037
1 0.3572916666666667 0.5782407407407407 0.01875 0.012037037037037037
1 0.8432291666666667 0.5949074074074074 0.03125 0.012037037037037037
1 0.9317708333333333 0.5949074074074074 0.03125 0.012037037037037037
1 0.3229166666666667 0.600462962962963 0.04375 0.012037037037037037
1 0.36041666666666666 0.600462962962963 0.025 0.012037037037037037
1 0.8432291666666667 0.6189814814814815 0.05 0.012037037037037037
1 0.9317708333333333 0.6189814814814815 0.025 0.012037037037037037
1 0.3229166666666667 0.6226851851851852 0.04375 0.012037037037037037
1 0.3572916666666667 0.6226851851851852 0.01875 0.012037037037037037
1 0.9192708333333334 0.6421296296296296 0.00625 0.012037037037037037
1 0.3229166666666667 0.6449074074074074 0.04375 0.012037037037037037
1 0.36666666666666664 0.6449074074074074 0.0375 0.012037037037037037
1 0.8401041666666667 0.6449074074074074 0.04375 0.012037037037037037
1 0.8703125 0.6449074074074074 0.013541666666666667 0.010185185185185186
1 0.9192708333333334 0.663425925925926 0.00625 0.012037037037037037
1 0.3229166666666667 0.6671296296296296 0.04375 0.012037037037037037
1 0.3572916666666667 0.6671296296296296 0.01875 0.012037037037037037
1 0.8432291666666667 0.6671296296296296 0.05 0.012037037037037037
1 0.3229166666666667 0.6893518518518519 0.04375 0.012037037037037037
1 0.36041666666666666 0.6893518518518519 0.025 0.012037037037037037
1 0.3229166666666667 0.711574074074074 0.04375 0.012037037037037037
1 0.36822916666666666 0.711574074074074 0.040625 0.012037037037037037
1 0.8325520833333333 0.7300925925925926 0.024479166666666666 0.012037037037037037
1 0.3229166666666667 0.7337962962962963 0.04375 0.012037037037037037
1 0.8479166666666667 0.750462962962963 0.040625 0.012037037037037037
1 0.3260416666666667 0.7560185185185185 0.05 0.012037037037037037
1 0.8322916666666667 0.7736111111111111 0.028125 0.012037037037037037
1 0.31354166666666666 0.7782407407407408 0.025 0.012037037037037037
1 0.8322916666666667 0.7976851851851852 0.028125 0.012037037037037037
1 0.31666666666666665 0.8004629629629629 0.03125 0.012037037037037037
1 0.871875 0.8199074074074074 0.010416666666666666 0.012037037037037037
1 0.8463541666666666 0.8199074074074074 0.0375 0.012037037037037037
1 0.3138020833333333 0.8226851851851852 0.024479166666666666 0.012037037037037037
1 0.3151041666666667 0.8449074074074074 0.027083333333333334 0.012037037037037037
1 0.31692708333333336 0.8671296296296296 0.030729166666666665 0.012037037037037037
1 0.025 0.8893518518518518 0.0375 0.012037037037037037
1 0.01875 0.9060185185185186 0.025 0.012037037037037037
1 0.021875 0.9226851851851852 0.03125 0.012037037037037037
1 0.42890625 0.9490740740740741 0.025520833333333333 0.011111111111111112
1 0.49895833333333334 0.9490740740740741 0.03229166666666667 0.011111111111111112
1 0.7596354166666667 0.9490740740740741 0.009895833333333333 0.009259259259259259
1 0.9557291666666666 0.9490740740740741 0.025 0.012962962962962963
1 0.3971354166666667 0.9490740740740741 0.034895833333333334 0.009259259259259259
1 0.5455729166666666 0.95 0.058854166666666666 0.012962962962962963
1 0.97265625 0.9731481481481481 0.016145833333333335 0.009259259259259259
1 0.9723958333333333 0.9907407407407407 0.03125 0.011111111111111112
1 0.97109375 0.950925925925926 0.0015625 0.007407407407407408
1 0.28229166666666666 0.9263888888888889 0.025 0.012037037037037037
1 0.31953125 0.9254629629629629 0.025520833333333333 0.012037037037037037
1 0.3572916666666667 0.9254629629629629 0.025 0.012037037037037037
1 0.9713541666666666 0.950462962962963 0.0020833333333333333 0.006481481481481481
1 0.98671875 0.95 0.025520833333333333 0.011111111111111112
1 0.026041666666666668 0.009259259259259259 0.03229166666666667 0.009259259259259259
1 0.9674479166666666 0.17962962962962964 0.024479166666666666 0.009259259259259259
